.gW <-
structure(list(InstallRoot = "C:\\Program Files (x86)\\WinEdt Team\\WinEdt", 
    RWinEdtInstalled = TRUE, RWinEdtVersion = 173, ApplData = "C:\\Documents and Settings\\viroli\\Application Data\\WinEdt"), .Names = c("InstallRoot", 
"RWinEdtInstalled", "RWinEdtVersion", "ApplData"))
.packageName <-
"LLN"
.Random.seed <-
c(403L, 613L, 1978386464L, 51326612L, 182228735L, 473763895L, 
-1240175365L, -2104866027L, -363341053L, 437718894L, 871196421L, 
218501075L, 1964517438L, 2067145022L, -1328740901L, 1484680647L, 
820369252L, 1862425932L, -697897701L, 1706661741L, 181747321L, 
457042147L, 175704328L, 122709384L, 1254344520L, -2098973842L, 
-252951305L, 100265611L, 1927354940L, 1315513815L, 1551020662L, 
2029424265L, 2024246937L, 238030061L, 1143942837L, 383981972L, 
-1564942099L, 1760339771L, -1040336191L, 1003753803L, -1280706568L, 
1274498538L, 504359084L, 895379477L, 1340168403L, 1607396110L, 
-529343778L, -1396295317L, -1297568354L, -70318603L, -1070834608L, 
2119065114L, 1479190453L, -1985174578L, 2138991703L, 974283330L, 
406413582L, 907387484L, -974332870L, -2052640480L, 1662437696L, 
1501854344L, -859496245L, -1158809127L, -634986010L, 145252505L, 
2069064675L, 1047434464L, 372106771L, -1263325734L, 1500118902L, 
-1950265698L, -187008144L, -774918899L, 395580215L, 1809095186L, 
560146937L, 1432212197L, 1971764466L, 1446326294L, -917190505L, 
-1060373652L, -1858845800L, 398550340L, -1511933235L, 2136790957L, 
197094521L, -2060231156L, -1518779911L, -1809327925L, -431675454L, 
1837796214L, 162916926L, 26297309L, 1636221045L, 1643733317L, 
1023248575L, -1169770538L, 510978892L, -2035228682L, 1968266526L, 
-970754327L, -165137129L, 1525037538L, -1026554644L, -1946015024L, 
-1667424920L, -941075044L, -1491926918L, 2093160758L, -1432563111L, 
-1295702824L, 447543264L, -1558764562L, 2108316213L, 1149626640L, 
1113816872L, 1708546746L, 1672337964L, 1291709161L, -748773636L, 
1010399413L, 1072328805L, 1336612749L, 594244525L, -1662822979L, 
-2037493433L, 1850277856L, 1192212493L, 1188692608L, 893316080L, 
-939566787L, -516246983L, -35716756L, 1297790932L, -2110139955L, 
-246317107L, -2107864274L, -1020437585L, 954902012L, 755100543L, 
2135163514L, -720288351L, 1673800227L, -563112712L, -1107701132L, 
-528519725L, 1770523581L, 744926671L, -942698251L, -639097863L, 
255411629L, -1745962518L, 40385720L, 1973668949L, 96523906L, 
-1369339255L, 1749910225L, -1880182570L, 2259521L, 1280209271L, 
-1828426860L, 338458063L, 915253275L, 1180822768L, -1299089080L, 
-1073325566L, -1755526656L, -1300957707L, 769047418L, -860488422L, 
950794309L, 1520778881L, -142240605L, 960653975L, -1784870382L, 
-428027360L, -1640775247L, 1845664757L, 271005526L, -2020420900L, 
-169979725L, 326343399L, 444227332L, -1485092358L, -508043886L, 
192629665L, 335225454L, -476703116L, -2057741685L, -817173597L, 
1203224703L, -232692974L, 2038436244L, -867945945L, -1985542316L, 
1583803791L, -295249683L, 1520737458L, 2137757472L, 661348284L, 
-1510932590L, 1415191957L, -280703841L, -1742641817L, 341144019L, 
667217054L, -964564872L, -1102327597L, -1072227436L, 2041592036L, 
566467464L, 37914805L, -539065815L, -974260600L, -1164501195L, 
-1828882652L, -1238021436L, 434947932L, -1636303937L, 1913203783L, 
106731344L, 1004031602L, -2118797409L, -10469641L, 1510195249L, 
-885600794L, -540963484L, 476800917L, 1085560710L, -2031089080L, 
-286516376L, 1903643784L, -661991740L, -1783458679L, 361684484L, 
-1775961834L, -1708545659L, 1311707734L, 1261206316L, -896617985L, 
1777940059L, 1718886734L, -1174732817L, 1375777763L, 1303173938L, 
-347805178L, 341838790L, 1100362277L, 1905637124L, 171161220L, 
455391412L, -129995235L, -271358795L, -2073142782L, -1915397228L, 
1780499881L, 766117861L, -160419583L, 1189528104L, -924133939L, 
827947777L, -1188182418L, -144095391L, 906639378L, 973300798L, 
113988920L, 1316787793L, 926831935L, 1755185279L, 1459253792L, 
1264672999L, 1745228770L, 1459267837L, 1111930289L, -1159564914L, 
2069602532L, -455012655L, -1443226401L, 801347127L, 609464204L, 
-1274523260L, 1180899857L, 400265500L, -244507146L, 1228977912L, 
-1429749953L, -1561626189L, -655407486L, 1505316204L, 1467733692L, 
-46556806L, 277337322L, 679648650L, 29224095L, 513738654L, 1848755640L, 
-1164015670L, 333666119L, -1235167484L, 2041159903L, -1655395557L, 
-165580221L, 2004951616L, -451376281L, -335979829L, -1694902501L, 
-292031148L, 43314876L, 1156286669L, -524022507L, 1601451874L, 
563583639L, -1536774593L, -933642422L, 236061046L, 1654759216L, 
-635345868L, -178333851L, -939648897L, 1631354859L, 940534629L, 
1001788751L, 1891244202L, 481862591L, -1265996239L, 1250596942L, 
-2071788282L, -1215295805L, 877764220L, -1025905054L, 976718664L, 
298770290L, 812020201L, -336663677L, -416679696L, -2032685650L, 
1762603308L, 480144903L, 1654578289L, 1882091474L, -2065529957L, 
-58821337L, 1924895815L, -1541653484L, 233099892L, -550451320L, 
-748802846L, 586354445L, -731590955L, -383458804L, -1530992784L, 
1175131086L, 433193580L, -1619368804L, -2119981744L, 325432819L, 
-729686441L, 1664268374L, -86952339L, -438940411L, 2103823056L, 
-878071190L, -532520056L, 952868233L, 1786149188L, 1959883152L, 
1336405625L, 1640900933L, -313488135L, 513317235L, -1918930602L, 
-2027959206L, 96811651L, -1738471513L, 1792664232L, -1316470978L, 
-1270260323L, -1997430969L, 630407630L, 1533783446L, 1985815134L, 
-1515061846L, -1915187896L, 680093808L, 1316328252L, 1926240159L, 
1233261982L, -644295051L, -233390485L, -1167083094L, 842947324L, 
1666267404L, -778941725L, -975769775L, -1427812952L, 721888093L, 
886054824L, 1451384717L, -670003900L, -1339692420L, 2060202326L, 
-1166313890L, -479914469L, -1121084965L, 280240854L, 1273688489L, 
-432088972L, -2004709212L, 1663614857L, -1556210420L, 1072849266L, 
-169858837L, -1865401236L, -1507048604L, 1448389947L, -2042343226L, 
-1742624177L, 1574009730L, 1222469161L, 844657383L, -26557534L, 
2030548542L, -1083192312L, -256490749L, 1725640062L, 943573563L, 
-2002296392L, 1404721916L, 211462676L, -470928796L, 1631047756L, 
1139719040L, 1037951128L, -732373829L, 1819488951L, -783342381L, 
1292982955L, 365772016L, -1221227976L, -1368241561L, -265647376L, 
-1663555865L, 1280317233L, -1757184444L, -941095416L, 1371041484L, 
774932995L, -599057196L, 1707657799L, -637590987L, -1115959513L, 
-1022368343L, 258553004L, 571666302L, -438999375L, -1061142384L, 
-495057204L, -604458777L, 1528526995L, -515357469L, 1698076107L, 
1473286056L, 579203121L, 1388532436L, -169703831L, 1319692615L, 
524861162L, -1489514707L, -43185812L, -1311355301L, 935092696L, 
-137314799L, -1663782623L, 1207867735L, 742392215L, -1089824592L, 
-1454749601L, 1988860191L, -547069662L, -2037102272L, 364128095L, 
-1420557974L, 1831058910L, 1361608337L, 423893750L, -429704006L, 
-895642887L, 778992934L, -1973651440L, -942571557L, -1750411511L, 
1659371001L, 1500031871L, 446270120L, 516472227L, -941102955L, 
128780304L, 1603695385L, -970462168L, 344963330L, -831597935L, 
-806576038L, -1283821180L, -2135839548L, -1072941142L, -1959694955L, 
-1597432116L, -926983571L, -180038923L, -799911704L, 2058019094L, 
-2147149385L, 822866180L, 155225212L, 2122607612L, -259785290L, 
199238557L, -1093084835L, 147605196L, -124406821L, -1574707879L, 
-316647469L, 1360060359L, 1186474042L, -1869303120L, -1430846399L, 
-1583505542L, -2102634494L, 2131008923L, 1897519982L, -2105713220L, 
-811582968L, -1222255308L, -1133436996L, -175617190L, 252341980L, 
925433772L, -793257931L, -1960133322L, -1334744335L, -1199451910L, 
-217142299L, -6949805L, -1792903295L, -2086873266L, 404789047L, 
236205028L, -716228062L, -1521213314L, -1590065618L, 1732252358L, 
1351156460L, -1049481489L, 766971336L, -1902471320L, 683635265L, 
-2000838067L, 1757489459L, 863529770L, -296198038L, 2101235028L, 
-1763166847L, 476303655L, 290388456L, -1902814767L, 1394529784L, 
1952111442L, -1600448285L, -387198252L, -1072364485L, -586088557L, 
-1766088732L, 999310234L, 750748460L, -1633517820L, -308823592L, 
